%YAML:1.0
---
model_type: PINHOLE
camera_name: camera
image_width: 640
image_height: 360
distortion_parameters:
  k1: 0
  k2: 0
  p1: 0
  p2: 0
projection_parameters:
  fx: 419.74893188476562
  fy: 419.74893188476562
  cx: 320.63836669921875
  cy: 181.67655944824219