%YAML:1.0
---
model_type: PINHOLE
camera_name: camera
image_width: 640
image_height: 360
distortion_parameters:
  k1: 0
  k2: 0
  p1: 0
  p2: 0
projection_parameters:
  fx: 244.31553649902344
  fy: 244.31553649902344
  cx: 328.72225952148438
  cy: 190.40290832519531