%YAML:1.0
---
model_type: PINHOLE
camera_name: camera
image_width: 480
image_height: 270
distortion_parameters:
  k1: 0
  k2: 0
  p1: 0
  p2: 0
projection_parameters:
  fx: 182.40628051757812
  fy: 182.40628051757812
  cx: 235.54531860351562
  cy: 135.45314025878906