%YAML:1.0
---
model_type: PINHOLE
camera_name: camera
image_width: 480
image_height: 270
distortion_parameters:
  k1: 0
  k2: 0
  p1: 0
  p2: 0
projection_parameters:
  fx: 183.23664855957031
  fy: 183.23664855957031
  cx: 246.54170227050781
  cy: 142.80218505859375